01100110110011011101101100101101
10011000111000101011011011110010
11000110011011011101110101110100
11001101110111001100110011010110
00111101011000101100111011010111
01110100111100111010110101110100
10110011001110011010110001110110
01011000101100111011010111011101
00111100111010110101110100110110
01111011001100110011010110001111
01011000101100111011010111011101
00111100111010110101110100110110
01111011001100110011010110001111
01011000101100111011010111011101
00111100111010110101110100110110
01111011001100110011010110001111
01011000101100111011010111011101
00111100111010110101110100110110
01111011001100110011010110001111
01011000101100111011010111011101
00111100111010110101110100110110
01111011001100110011010110001111
01011000101100111011010111011101
00111100111010110101110100110110
01111011001100110011010110001111
01011000101100111011010111011101
00111100111010110101110100110110
01111011001100110011010110001111
01011000101100111011010111011101
00111100111010110101110100110110
01011000101100111011010111011101
00000100001000110101110100010110