10011001001100100010010011010010
01100111000111010100100100001101
00111001100100100010001010001011
00110010001000110011001100101001
11000010100111010011000100101000
10001011000011000101001010001011
01001100110001100101001110001001
10100111010011000100101000100010
11000011000101001010001011001001
10000100110011001100101001110000
10100111010011000100101000100010
11000011000101001010001011001001
10000100110011001100101001110000
10100111010011000100101000100010
11000011000101001010001011001001
10000100110011001100101001110000
10100111010011000100101000100010
11000011000101001010001011001001
10000100110011001100101001110000
10100111010011000100101000100010
11000011000101001010001011001001
10000100110011001100101001110000
10100111010011000100101000100010
11000011000101001010001011001001
10000100110011001100101001110000
10100111010011000100101000100010
11000011000101001010001011001001
10000100110011001100101001110000
10100111010011000100101000100010
11000011000101001010001011001001
10100111010011000100101000100010
11111011110111001010001011101001
